____________________________________________________________
Traning and Validation Parameters 
____________________________________________________________
trn_params.num_iterations:                      50
trn_params.learning_rate:                      0.1
trn_params.start_a:                              0
trn_params.start_b:                              0
trn_params.num_folds:                            3
____________________________________________________________
Data samples 
____________________________________________________________
92.92       179.58
81.78       166.54
77.15       156.15
79.14       149.59
87.03       169.09
92.56       184.93
92.61       183.04
75.11       146.37
84.28       171.40
94.33       194.59
96.11       192.47
92.55       195.90
75.79       149.60
79.66       164.29
95.55       196.95
83.77       173.31
91.67       187.67
85.44       175.27
83.63       162.65
78.83       166.84
78.77       152.35
92.54       190.47
75.70       146.70
94.19       182.67
76.02       156.59
77.75       158.27
81.98       163.90
89.60       176.53
84.65       164.61
79.62       157.76
91.84       170.75
85.08       168.70
84.80       168.67
92.47       195.96
90.61       182.30
92.77       186.19
81.07       168.00
75.06       155.24
89.41       181.36
89.17       174.28
77.62       139.66
92.03       183.47
96.11       196.52
94.29       179.30
87.88       178.99
75.39       147.88
91.53       186.73
93.06       183.32
86.13       173.96
84.08       168.92
94.60       188.76
87.78       178.19
87.04       173.59
91.76       183.00
78.28       152.36
92.81       181.84
93.50       184.25
81.60       168.33
80.36       154.82
94.96       186.79
79.33       161.85
96.01       189.73
88.55       184.68
96.72       192.72
82.74       172.21
88.08       178.11
87.09       175.23
90.30       182.45
81.29       166.49
83.63       172.86
91.58       188.41
79.58       148.97
87.49       175.24
83.89       163.76
76.19       141.65
88.04       178.33
92.14       183.34
96.23       195.30
77.86       149.91
83.69       168.53
85.33       176.85
83.55       162.65
78.57       154.06
93.98       178.87
86.63       175.23
77.63       149.76
88.24       175.48
82.48       156.43
89.39       180.31
90.75       191.18
91.46       184.27
90.85       181.56
76.84       154.63
86.12       171.62
95.09       191.16
86.07       166.31
93.17       175.89
87.03       184.73
96.91       193.33
93.80       183.60
84.74       170.64
85.97       167.55
96.16       190.62
89.95       184.49
76.86       145.33
93.83       182.19
80.72       170.87
91.50       178.95
95.03       188.78
96.61       192.11
80.80       159.52
92.65       181.80
94.12       184.43
88.80       178.33
87.10       176.39
86.75       177.78
88.69       173.32
79.39       148.94
86.29       167.41
83.41       165.42
76.67       157.25
75.89       147.91
77.71       152.54
86.10       168.51
80.28       166.73
96.60       191.61
76.09       151.52
76.05       153.60
85.80       163.34
86.97       173.59
82.43       157.59
75.73       145.38
77.45       152.10
94.30       190.92
83.57       163.39
81.00       158.65
83.89       167.69
79.92       155.20
77.90       155.73
96.01       195.52
96.03       201.39
91.67       187.94
76.32       150.79
87.16       166.77
82.77       165.00
94.99       187.40
78.72       162.96
80.68       164.03
91.10       177.77
85.85       173.47
84.92       159.02
90.81       185.80
81.52       158.72
88.72       182.41
79.16       163.16
81.88       166.65
79.04       151.34
82.57       157.38
88.76       180.60
89.72       182.18
76.78       152.66
85.09       173.43
92.07       174.50
95.03       189.42
84.59       166.06
91.63       168.69
81.74       158.55
83.66       167.43
86.24       173.67
82.94       166.90
92.49       188.31
86.96       175.08
83.33       164.98
79.40       160.25
86.72       175.68
96.78       192.82
95.66       189.61
75.36       153.19
87.10       167.13
92.15       192.08
87.91       175.25
86.88       166.48
81.63       161.37
94.80       189.49
80.07       158.23
94.49       191.14
79.28       156.97
78.25       149.07
78.76       153.84
92.59       181.34
84.59       167.78
76.98       144.24
95.31       200.23
88.93       173.22
79.07       159.02
90.99       186.24
96.55       183.21
89.97       175.77
77.44       159.26
78.57       152.05
83.99       162.87
84.89       171.10
80.77       159.08
92.54       185.64
90.65       178.40
93.29       184.15
77.58       150.02
89.43       172.87
82.01       155.11
92.20       175.93
86.17       169.71
91.78       186.06
75.64       150.56
80.37       162.08
91.07       177.40
82.58       165.02
87.73       171.51
96.31       187.87
85.09       181.25
79.98       164.86
86.46       169.56
83.83       164.76
85.76       165.25
78.74       166.45
89.94       171.99
89.00       173.90
83.08       167.07
91.87       179.37
80.76       155.30
77.84       149.73
89.95       177.82
93.64       183.62
90.87       180.50
86.04       170.28
89.38       178.21
75.28       150.55
92.14       179.29
77.17       159.37
94.88       188.49
82.82       169.97
82.35       170.07
76.44       157.73
79.35       158.78
84.33       166.15
91.37       192.58
80.59       161.17
85.56       170.11
80.82       165.79
88.42       179.97
85.40       171.64
93.91       190.06
85.74       177.66
87.69       175.68
80.39       154.05
80.28       158.91
86.05       175.91
75.63       164.01
81.82       162.31
78.69       152.56
91.43       186.70
86.01       162.04
82.00       162.38
76.31       154.09
86.76       174.12
75.93       155.59
89.68       179.54
77.13       151.39
76.44       157.22
92.99       181.35
90.50       184.85
78.30       151.18
84.29       171.41
86.41       168.16
89.15       180.24
92.61       177.62
84.61       156.36
84.51       166.34
86.13       175.68
76.84       161.30
88.58       173.27
93.29       183.90
83.73       170.09
76.33       144.95
93.88       184.26
86.59       177.35
88.58       176.31
89.45       173.22
86.33       174.94
81.42       169.11
82.91       164.49
75.34       148.08
78.79       153.38
77.34       154.01
79.30       146.93
79.36       164.34
79.49       158.83
82.47       165.60
94.32       191.19
95.25       189.82
95.82       188.84
91.23       178.70
96.38       190.16
84.30       179.45
88.16       184.44
95.74       186.31
87.47       173.79
96.63       195.74
81.83       154.58
90.42       176.88
91.23       184.20
86.86       168.52
93.10       190.21
89.66       177.06
81.88       161.44
77.82       158.18
91.26       177.73
75.72       147.95
77.89       156.28
94.40       185.60
75.18       151.69
79.19       154.81
88.95       167.14
85.14       170.39
85.95       173.79
78.44       154.81
80.56       165.61
89.18       171.75
78.81       154.55
79.20       167.97
90.99       174.83
85.60       179.40
80.16       163.87
79.98       157.70
75.40       138.98
87.83       179.86
89.40       174.58
81.39       159.27
85.40       171.78
80.84       161.79
94.79       191.39
91.07       188.04
79.48       155.58
87.85       174.51
93.66       191.16
94.35       185.98
82.19       169.37
80.74       170.05
87.91       180.90
75.50       148.04
91.94       183.39
81.88       163.61
85.74       165.24
78.93       149.41
83.68       158.16
77.07       161.02
96.44       195.34
85.36       176.03
88.96       182.11
90.40       177.70
88.93       178.87
75.74       151.73
81.52       159.22
82.03       154.04
88.88       179.54
89.40       179.13
90.94       188.54
90.80       171.41
91.47       184.84
82.15       165.88
89.99       176.58
88.44       170.63
90.36       169.06
77.00       152.82
76.52       152.41
78.38       157.87
80.77       152.55
84.68       160.70
77.88       169.91
85.06       164.90
96.34       192.92
95.76       198.00
80.90       165.28
96.07       196.16
84.15       163.66
89.87       178.65
76.22       143.25
89.78       184.05
85.79       179.29
76.50       155.01
95.57       189.93
79.93       162.85
81.68       164.57
93.58       192.85
79.98       156.90
92.17       181.54
86.22       182.08
75.15       143.35
90.66       183.96
83.51       158.33
85.32       169.20
84.34       168.13
84.82       169.60
91.94       180.45
79.73       164.48
85.37       173.06
85.70       168.95
90.88       169.42
79.74       155.95
78.36       159.31
90.91       171.58
88.36       173.67
86.94       169.53
91.25       186.49
82.30       160.59
95.18       194.53
93.86       184.53
91.84       186.82
88.05       174.36
77.00       149.92
95.35       191.45
90.03       184.32
96.58       193.63
84.37       172.52
95.89       193.15
89.25       180.80
75.18       151.31
88.99       181.42
89.30       186.78
80.20       158.65
77.44       151.02
88.36       171.50
96.43       192.16
85.09       172.30
89.57       189.45
91.95       190.52
76.51       148.25
89.56       172.38
84.54       167.15
93.52       186.16
82.55       164.59
88.50       168.34
96.84       197.47
86.90       171.83
93.86       190.85
80.83       156.21
91.43       176.00
77.62       149.27
96.23       195.53
85.55       177.98
96.62       197.76
86.98       180.21
79.25       162.04
86.97       169.52
79.32       165.25
86.49       174.23
93.96       186.10
77.41       154.46
82.32       161.04
83.90       173.89
87.19       173.46
83.05       163.78
79.67       160.95
88.81       177.38
84.01       175.82
95.52       188.43
91.98       178.32
78.06       162.41
83.08       166.63
86.67       175.56
93.54       187.00
83.66       171.42
76.66       155.23
91.31       180.05
88.51       177.12
82.65       167.60
88.54       173.67
87.89       179.98
95.93       185.73
75.98       147.85
95.23       194.92
80.34       155.65
81.89       163.02
90.13       184.73
80.14       158.59
91.20       188.60
87.24       172.37
90.04       181.47
86.08       172.81
84.73       164.89
96.41       190.59
84.33       172.67
78.93       150.99
79.34       157.67
92.29       170.61
94.53       185.31
94.43       177.30
91.92       192.12
94.87       183.94
92.79       193.04
87.87       171.02
79.75       158.36
96.79       194.42
95.88       186.15
82.32       161.06
89.77       188.67
96.15       189.34
93.34       183.00
95.33       194.28
78.68       157.22
85.36       171.75
86.32       173.43
93.43       191.79
87.94       175.02
89.06       177.29
79.40       162.46
84.67       175.88
93.16       183.50
86.67       172.11
86.75       173.89
91.21       181.85
77.46       153.53
80.76       159.90
89.93       164.63
85.12       168.70
79.17       168.63
78.89       157.49
78.25       147.10
78.75       160.73
95.45       196.91
80.39       162.28
92.94       178.89
92.23       193.13
96.78       180.63
75.38       157.09
85.55       167.92
95.93       196.34
80.01       153.55
77.07       154.11
94.82       181.46
79.43       161.56
93.59       191.57
92.62       189.37
87.89       178.33
85.93       164.38
89.66       180.17
87.51       171.13
88.77       172.30
94.84       192.35
91.05       185.72
88.19       179.82
87.79       176.08
77.12       158.04
87.76       174.25
75.88       147.00
93.98       200.98
84.09       165.78
93.59       185.24
88.40       175.28
87.15       171.65
93.66       188.10
75.70       146.86
85.67       182.23
82.97       158.32
89.18       178.07
79.24       160.71
84.26       165.17
79.16       158.75
90.10       179.14
88.97       173.24
96.89       189.95
86.85       170.74
91.36       191.68
85.98       161.70
82.98       168.24
84.79       178.51
93.43       186.47
93.77       186.20
93.74       192.34
80.95       159.20
95.84       189.29
87.43       167.98
83.47       173.41
84.17       166.12
90.80       175.08
95.85       194.12
78.88       152.88
88.66       167.76
78.70       162.87
76.15       148.71
83.70       169.76
91.23       181.71
75.62       148.03
93.93       187.44
77.17       157.97
96.66       192.44
91.48       190.35
86.29       175.39
91.20       178.45
83.77       169.41
79.75       155.11
75.68       149.71
84.27       167.80
81.50       168.21
81.97       161.14
85.28       174.66
84.00       169.59
75.56       149.07
75.56       153.46
87.30       181.22
76.78       147.86
84.81       168.85
83.13       164.25
78.90       163.27
78.88       160.77
82.28       173.47
85.86       173.37
90.55       177.52
76.48       144.99
84.12       157.06
93.67       184.19
91.81       181.24
78.14       161.86
77.20       152.89
94.12       182.00
82.91       179.14
83.68       176.01
82.39       162.20
75.95       146.91
79.60       154.26
82.33       167.37
85.31       169.92
82.20       168.59
77.29       150.31
77.89       160.02
91.20       178.10
95.95       192.54
79.05       150.29
87.72       178.89
81.60       161.38
81.97       159.42
79.68       160.45
83.14       167.84
76.57       149.56
75.24       147.49
76.18       141.93
94.95       184.25
75.29       153.72
89.03       173.52
77.05       158.83
95.35       183.19
85.03       176.18
88.00       171.35
81.54       167.87
81.52       156.08
76.02       135.99
95.85       194.17
91.75       187.65
86.08       182.61
76.98       157.60
95.35       195.45
94.91       194.40
89.00       178.38
77.40       152.32
89.60       184.31
82.44       169.82
80.95       155.52
91.42       182.37
92.65       182.34
89.69       171.18
90.63       186.33
86.57       177.44
80.29       166.97
90.56       184.93
83.43       159.08
90.24       187.80
85.89       173.26
83.72       164.99
81.11       168.99
82.43       157.81
75.03       153.02
91.31       181.46
79.44       154.55
77.81       163.20
88.39       178.15
85.68       172.53
85.99       173.62
92.58       181.59
93.28       193.78
76.13       151.25
86.07       170.49
92.56       187.13
79.91       156.58
90.90       183.44
84.87       166.23
77.58       162.14
95.01       195.71
82.23       169.42
79.66       161.57
91.48       185.85
94.31       189.16
91.28       186.44
96.36       187.79
91.17       181.99
93.42       188.99
94.07       195.35
77.16       148.78
83.12       171.96
79.75       164.86
88.15       179.56
76.78       156.94
83.09       164.05
79.56       152.52
76.91       153.08
86.42       173.33
79.52       160.34
78.65       157.01
87.14       174.73
81.70       163.12
89.12       191.43
93.57       184.60
78.34       154.07
75.13       156.84
77.21       150.86
83.65       164.21
86.68       179.14
92.15       182.67
77.31       151.12
81.06       166.88
81.41       170.96
95.27       197.45
96.22       185.10
81.27       160.73
90.28       179.30
82.21       165.21
84.52       166.86
88.44       177.63
77.41       155.21
82.65       168.99
79.12       159.24
97.00       185.37
92.55       190.94
94.87       189.53
91.92       178.92
88.55       175.72
81.00       171.57
91.51       178.39
84.94       176.88
89.67       182.32
76.31       154.71
91.07       172.48
92.00       189.05
85.75       175.04
77.76       156.79
96.28       187.52
77.03       151.66
83.19       165.98
89.42       176.94
92.25       185.51
86.69       173.08
84.69       164.46
88.90       175.88
86.37       169.45
77.95       154.63
77.59       151.29
78.12       157.98
75.36       144.92
79.32       156.90
77.34       144.88
81.96       160.67
76.91       148.13
80.52       160.25
86.39       173.85
90.47       175.35
75.77       164.97
79.06       160.48
95.91       189.90
76.70       158.90
93.07       187.01
81.90       170.52
93.19       194.77
96.73       194.20
95.09       183.81
80.67       155.59
75.42       149.04
76.63       157.42
93.51       189.17
83.85       175.38
91.16       179.05
88.65       178.72
87.39       169.13
83.39       169.67
77.23       161.54
94.16       194.45
91.14       174.62
90.08       174.96
82.01       158.90
86.67       174.69
89.11       184.27
88.14       174.13
96.56       192.32
81.58       170.31
89.06       176.97
84.30       161.61
96.40       187.22
87.28       174.75
95.27       199.05
84.34       177.60
84.82       160.58
77.75       152.20
96.67       191.52
81.99       157.98
88.13       179.68
96.05       192.67
91.82       187.13
85.07       167.66
76.23       145.11
91.81       183.80
78.78       165.67
91.29       183.59
86.76       181.90
77.33       160.44
85.39       176.53
85.19       167.16
83.24       161.00
77.17       153.06
91.05       183.23
78.85       155.30
89.53       174.33
89.65       183.82
77.30       154.79
90.46       180.31
89.64       181.87
86.90       173.55
85.17       180.46
75.80       148.82
84.01       171.01
91.47       176.25
77.46       170.61
82.17       153.88
81.39       166.22
83.78       158.78
80.70       157.07
78.98       159.47
76.53       144.85
75.45       146.46
94.72       191.32
95.52       193.56
88.28       173.05
95.26       194.60
80.33       161.42
84.68       171.51
84.75       168.20
91.54       184.81
82.73       158.00
76.41       156.33
82.64       174.68
90.73       187.67
88.86       180.97
84.22       172.79
93.96       186.72
92.96       180.29
89.60       172.88
92.92       189.14
83.80       172.78
93.75       185.57
75.09       150.20
88.98       177.32
97.00       196.65
84.77       171.19
95.23       195.20
88.89       182.59
93.21       184.45
96.93       187.40
89.19       182.78
88.31       169.98
96.83       184.50
78.13       156.12
89.86       177.49
84.26       171.13
84.64       177.54
83.15       163.93
95.14       194.78
91.15       183.89
81.15       162.54
78.89       153.51
94.50       182.86
95.34       188.91
81.87       162.47
83.22       166.70
77.63       150.90
89.08       180.94
81.88       160.36
75.99       147.19
82.17       169.41
82.64       160.46
80.79       170.36
83.45       165.65
79.99       171.58
75.48       153.71
84.91       172.88
83.43       160.45
77.27       157.17
87.66       187.72
86.79       181.87
81.05       166.04
76.78       147.66
84.94       173.16
78.21       150.31
92.70       185.21
95.21       191.33
75.66       139.23
89.13       183.89
76.92       156.19
92.59       191.35
96.76       193.04
90.41       177.17
95.67       185.67
76.23       156.89
92.24       193.67
92.61       186.74
94.48       188.37
77.81       153.35
77.35       149.35
75.19       160.63
95.67       195.71
94.51       187.33
84.03       168.13
81.73       165.22
95.80       186.83
83.86       175.87
96.74       189.78
87.13       177.85
82.41       158.54
83.17       171.10
80.37       159.81
92.91       185.40
89.96       191.42
81.84       166.31
84.06       161.20
84.48       171.57
91.51       191.06
93.97       190.92
87.14       182.97
87.70       179.39
86.26       168.55
89.02       180.67
96.92       192.02
88.42       166.20
94.50       193.69
90.67       180.82
84.10       166.32
86.61       166.12
77.76       150.30
94.68       185.68
90.97       180.43
95.90       192.89
90.26       180.03
79.53       163.04
91.96       186.81
76.67       152.54
90.50       177.67
86.31       174.73
79.93       163.06
92.74       183.47
89.81       185.79
95.17       189.92
88.72       180.73
89.44       176.20
78.90       153.93
93.13       190.92
95.56       192.73
90.77       178.10
79.01       158.85
89.57       177.95
85.77       174.60
79.45       155.16
94.71       190.19
89.27       174.06
75.97       160.99
89.03       180.67
91.99       188.85
92.37       181.78
78.94       164.13
75.60       146.72
79.62       162.38
78.00       156.07
94.94       183.74
77.88       158.47
77.23       159.32
94.56       187.69
76.20       151.27
90.30       180.60
84.50       171.67
85.12       175.64
85.68       172.87
87.47       177.49
78.03       150.67
86.56       162.60
95.40       191.44
89.10       182.25
